401.bzip2
"-O3"	3351 3354 3496 3481 3362 3354 3364 3493 3614 3659 3462 3445 3403 AVERAGE = 44838

with working different benches
401.bzip2
"-O3"	3397 2347 15041 14357 2157 3217 1020 9366 2299 4 1819 148 5 AVERAGE = 55177

401.bzip2
"-O3"	3377 2268 14891 14342 2109 3375 982 9476 2313 1840 128 TOTAL(AVG) = 55101

401.bzip2
"-O3"	3356 2306 15044 14673 2158 3273 1003 9363 2319 1845 125 TOTAL(AVG) = 55465
"-faggressive-loop-optimizations"	3408 2388 15077 14681 2188 3288 989 9320 2314 1852 132 TOTAL(AVG) = 55637