Basic -o tests
401.bzip2
"-O0"	7195 7077 7072 7033 7123 7052 7057 7055 7108 7036 7090 7052 6998 7048 7037 7060 7074 7024 7046 7083 7031 7058 7057 7070 7035 7033 7045 7065 7048 7010 7039 7010 7066 6999 7004 7090 7080 7055 6977 7056 7043 7053 7011 7003 7074 7080 7015 7045 7070 7108  AVG 7053.0 STD 36.35546726422314
"-O1"	3528 3516 3448 3515 3480 3534 3490 3488 3489 3465 3447 3487 3493 3472 3485 3470 3466 3484 3449 3501 3526 3489 3482 3502 3514 3482 3501 3493 3494 3489 3445 3530 3474 3485 3498 3484 3501 3499 3452 3516 3540 3476 3451 3487 3465 3483 3475 3478 3492 3523  AVG 3488.66 STD 23.279699310772894
"-O2"	3359 3329 3359 3342 3346 3332 3335 3326 3327 3291 3328 3281 3306 3307 3300 3286 3329 3298 3562 3311 3340 3299 3292 3299 3306 3307 3318 3295 3276 3304 3327 3298 3334 3364 3345 3326 3334 3349 3323 3341 3343 3344 3321 3348 3289 3262 3306 3293 3320 3307  AVG 3323.28 STD 41.26259322921913
"-O3"	3389 3333 3281 3281 3312 3313 3278 3298 3261 3318 3276 3297 3330 3311 3285 3275 3277 3293 3318 3304 3302 3332 3260 3300 3353 3263 3336 3293 3353 3305 3266 3308 3279 3285 3298 3304 3273 3326 3314 3273 3284 3274 3304 3313 3299 3283 3300 3298 3262 3280  AVG 3299.0 STD 26.144980397774255
429.mcf
"-O0"	3525 3648 3655 3569 3602 3581 3574 3601 3641 3553 3726 3636 3708 3559 3608 3678 3587 3587 3642 3704 3750 3620 3595 3686 3647 3697 3730 3697 3666 3540 3695 3666 3629 3749 3642 3752 3568 3615 3648 3609 3595 3760 3565 3602 3668 3657 3598 3610 3716 3546  AVG 3638.04 STD 61.05897477029892
"-O1"	2795 2647 2664 2702 2673 2656 2610 2700 2648 2719 2661 2635 2624 2696 2719 2622 2728 2644 2696 2608 2645 2612 2662 2628 2646 2650 2659 2681 2647 2621 2658 2678 2654 2633 2698 2672 2762 2682 2646 2682 2639 2649 2633 2632 2615 2616 2644 2687 2618 2698  AVG 2661.88 STD 38.83124515129537
"-O2"	2286 2264 2247 2294 2254 2283 2378 2245 2231 2270 2269 2284 2226 2375 2301 2247 2332 2269 2307 2278 2294 2252 2233 2250 2304 2335 2279 2272 2231 2243 2320 2238 2277 2262 2250 2332 2286 2316 2244 2298 2274 2237 2306 2297 2234 2323 2269 2276 2246 2220  AVG 2276.76 STD 36.2544121452824
"-O3"	2339 2255 2282 2286 2214 2275 2225 2293 2342 2303 2274 2278 2231 2312 2253 2253 2267 2263 2302 2245 2262 2246 2334 2248 2252 2259 2267 2377 2242 2298 2320 2228 2257 2300 2240 2222 2242 2311 2238 2289 2246 2265 2259 2286 2376 2256 2244 2444 2281 2216  AVG 2275.94 STD 44.43800625590667
433.milc
"-O0"	24347 24360 24306 24290 24239 24372 24461 24390 24475 24478 24348 24465 24489 24679 24357 24455 24334 24381 24624 24843 24675 24313 25725 24382 24544 24501 24478 24309 24425 24578 24554 24428 24627 24529 24593 24421 24408 24363 24679 24589 24436 24607 24360 24537 24444 24569 24488 24314 24375 24609  AVG 24491.06 STD 215.32565197857872
"-O1"	15376 15493 15494 15582 14878 14578 14881 15431 15394 15465 15041 14516 14994 15384 15524 15577 14460 14619 15293 15438 15444 15270 14425 15133 15494 15365 14497 14712 14723 15270 15511 15535 15551 15368 14479 15158 15477 15426 14438 15254 15367 15436 14465 14703 15035 15504 15594 15416 15354 14417  AVG 15144.78 STD 397.1839014864525
"-O2"	14993 15092 15152 14144 14532 15039 15083 15002 14655 14368 14884 15166 15171 14924 14215 14495 15053 14950 15017 14397 14326 15037 15156 15105 15228 14211 14639 15148 15083 14984 14165 14642 15033 15019 15225 14355 14394 14995 15078 15092 14683 14234 14883 15122 15219 14488 14270 14935 15171 15174  AVG 14828.52 STD 345.8092098253024
"-O3"	14952 14559 14170 14821 15025 14638 14002 14915 14997 14495 14120 14772 14834 14823 14259 14013 14813 14987 15012 14308 14296 14858 14794 14306 14117 14173 14648 14880 14942 15045 14592 14007 14164 14214 14851 15034 14924 14981 14920 14011 14693 14901 14549 14055 14213 14317 14903 15166 14939 14974  AVG 14619.64 STD 359.29696686724196
445.gobmk
"-O0"	25633 25433 25657 25403 25210 25287 25308 25369 25158 25348 25252 25194 25317 25366 25276 25273 25317 25299 25216 25379 25336 25307 25279 25233 25291 25330 26371 25751 25256 25338 25230 25301 25247 25295 25307 25193 25286 25348 25206 25370 25414 25299 25568 25262 25263 25354 25308 25342 25386 25403  AVG 25351.38 STD 184.94376334442856
"-O1"	15030 14980 15046 14927 15021 14973 15112 14939 15045 14990 15099 14973 14980 14994 14954 15011 15013 15025 14931 15038 15011 15036 15081 15016 14997 14964 15037 15032 15009 14908 15088 14982 15014 14956 15046 14964 14969 15057 15024 15049 15207 15222 15053 15030 14981 15017 14984 14910 15066 15037  AVG 15016.56 STD 61.09735182477225
"-O2"	14558 14439 14545 14471 14512 14480 14779 14530 14441 14647 14516 14593 14568 14673 14699 14739 14692 14489 14504 14495 14471 14450 14495 14555 14542 14458 14483 14502 14525 14482 14439 14413 14466 14531 14645 14457 14470 14522 14524 14527 14608 14497 14443 14562 14552 14490 14566 14585 14568 14538  AVG 14534.72 STD 80.07597392476721
"-O3"	14360 14748 14287 14289 14307 14324 14269 14257 14326 14287 14325 14320 14316 14260 14251 14294 14306 14252 14334 14347 14338 14490 14337 14263 14354 14275 14253 14199 14332 14197 14219 14309 14255 14256 14328 14285 14277 14238 14198 14347 14313 14352 14283 14326 14279 14304 14313 14260 14255 14403  AVG 14305.94 STD 81.64494105576904
456.hmmer
"-O0"	7905 7808 7777 7848 7730 7804 7815 7755 7711 7729 7809 7710 7730 7764 7817 7758 7727 7808 7714 7804 7754 7734 7727 7745 7802 7824 7771 7775 7819 7752 7765 7779 7794 7859 7767 7766 7756 7819 7769 7722 7763 7785 7695 7728 7750 7701 7729 7695 7706 7742  AVG 7766.32 STD 44.9988622078381
"-O1"	2334 2341 2393 2444 2382 2342 2321 2330 2366 2402 2345 2337 2381 2387 2380 2331 2373 2357 2332 2376 2384 2344 2334 2335 2329 2390 2335 2359 2322 2395 2345 2341 2339 2414 2366 2302 2336 2402 2352 2365 2330 2306 2430 2340 2443 2320 2335 2325 2450 2406  AVG 2360.56 STD 36.14147755695663
"-O2"	2111 2210 2083 2068 2106 2068 2052 2086 2039 2059 2047 2074 2044 2046 2096 2100 2037 2132 2098 2027 2086 2043 2052 2047 2043 2241 2054 2076 2079 2056 2062 2087 2131 2181 2075 2055 2053 2027 2149 2084 2054 2040 2172 2034 2103 2062 2150 2041 2089 2071  AVG 2081.6 STD 46.4404995666498
"-O3"	2088 2078 2095 2084 2140 2094 2132 2106 2144 2085 2139 2097 2117 2196 2093 2073 2085 2171 2099 2108 2097 2152 2157 2178 2088 2118 2090 2123 2065 2074 2072 2085 2073 2092 2175 2123 2076 2158 2069 2069 2164 2166 2087 2126 2091 2098 2155 2092 2136 2100  AVG 2111.46 STD 34.34309828772005
458.sjeng
"-O0"	5680 6509 5410 5349 5343 5374 5400 5398 5379 5334 5354 5352 5361 5374 5353 5387 5347 5373 5386 5338 5331 5300 5609 5392 5347 5331 5383 5338 5372 5367 5362 5394 5348 5354 5413 5348 5321 5329 5336 5348 5342 5361 5306 5374 5332 5361 5390 5390 5360 5352  AVG 5393.84 STD 170.7844676778307
"-O1"	3233 3218 3239 3181 3198 3227 3213 3216 3215 3214 3236 3191 3194 3189 3239 3202 3234 3221 3232 3208 3224 3185 3191 3224 3218 3214 3188 3227 3216 3257 3229 3166 3218 3232 3225 3177 3225 3182 3258 3192 3200 3215 3174 3204 3257 3147 3226 3220 3282 3245  AVG 3214.36 STD 25.432074237073152
"-O2"	3193 3138 3154 3119 3132 3191 3138 3160 3122 3135 3108 3095 3180 3136 3163 3185 3154 3193 3127 3154 3112 3172 3121 3154 3140 3144 3200 3131 3110 3137 3148 3131 3133 3160 3137 3139 3119 3085 3147 3118 3134 3110 3146 3130 3104 3141 3113 3086 3164 3102  AVG 3138.9 STD 27.20459520007603
"-O3"	3227 3181 3189 3198 3191 3193 3173 3172 3187 3164 3190 3122 3172 3196 3136 3168 3192 3189 3241 3149 3148 3183 3161 3191 3181 3192 3146 3202 3148 3163 3177 3162 3200 3197 3196 3173 3167 3208 3120 3189 3139 3170 3185 3166 3182 3144 3202 3152 3200 3166  AVG 3176.8 STD 24.21652328473268
462.libquantum
"-O0"	3443 3438 3418 3405 3457 3451 3446 3398 3428 3439 3438 3428 3429 3415 3472 3435 3456 3445 3445 3416 3421 3432 3417 3424 3435 3411 3408 3438 3429 3401 3403 3419 3460 3430 3409 3462 3430 3432 3420 3436 3411 3432 3458 3404 3427 3417 3446 3415 3426 3414  AVG 3429.38 STD 17.378020600747373
"-O1"	1181 1203 1188 1186 1205 1191 1191 1172 1200 1172 1199 1161 1170 1173 1171 1200 1178 1176 1165 1186 1225 1177 1183 1190 1189 1169 1152 1174 1182 1185 1168 1163 1170 1176 1184 1180 1178 1170 1177 1205 1182 1196 1175 1165 1183 1168 1185 1194 1160 1212  AVG 1181.7 STD 14.365583872575455
"-O2"	988 973 942 972 970 983 958 969 966 984 971 959 985 959 971 974 947 964 939 950 948 953 972 954 952 979 961 992 960 971 955 963 954 948 949 967 954 961 973 949 954 973 954 955 948 964 973 955 938 946  AVG 961.98 STD 12.881754538881728
"-O3"	978 979 973 974 954 994 987 979 986 956 965 950 972 969 967 974 958 966 959 956 953 956 965 940 961 964 970 948 960 949 951 969 992 954 951 931 1014 968 967 941 964 968 982 961 967 961 944 969 935 960  AVG 964.22 STD 15.341825184768597
464.h264ref
"-O0"	31028 31097 31104 31247 31142 31093 31144 31088 31223 31211 31054 31000 31200 30983 31205 31159 31185 31208 31084 31146 31167 31093 31195 31160 31181 31412 31183 31171 31231 31389 31111 31082 31246 31633 31189 31108 31539 31196 31206 31114 31759 32561 32613 31352 31197 31304 31221 31113 31245 31171  AVG 31254.86 STD 306.7543649241197
"-O1"	9858 9953 9837 9808 9776 9949 9910 9871 9872 9929 9853 9919 9911 9976 9897 9841 9881 9865 9870 9915 9842 9886 9879 9884 9858 9920 9802 9863 9841 9887 9925 9855 9886 9804 9784 9874 9880 9804 9907 9927 9866 9867 9905 9864 9880 9835 9840 9898 10221 9865  AVG 9880.8 STD 64.38602332804847
"-O2"	9879 9839 9971 9801 9765 9817 9713 9831 9801 9703 9931 9763 9760 9765 9887 9919 9749 9897 9787 9805 9734 9673 9770 9917 9747 9787 9735 9840 9774 9817 9836 9815 9779 9775 9906 9752 9707 9828 9772 9841 9741 9763 9745 9657 9802 10957 9940 9893 9720 9820  AVG 9824.52 STD 176.44140557136808
"-O3"	9160 9127 9046 9115 9073 9126 9095 9135 9137 9108 9096 9126 9205 9135 9092 9099 9076 9066 9045 9151 9111 9059 9019 9143 9111 9098 9064 9104 9110 9144 9055 9063 9164 9128 9148 9106 9150 9163 9090 9133 9162 9071 9151 9192 9073 9137 9214 9054 9116 9128  AVG 9113.48 STD 42.141305153020596
470.lbm
"-O0"	3121 3114 3102 3097 3094 3111 3104 3155 3085 3084 3081 3066 3092 3070 3091 3096 3089 3136 3090 3085 3096 3080 3077 3089 3043 3098 3127 3053 3082 3076 3100 3079 3056 3083 3101 3072 3124 3104 3096 3088 3095 3138 3095 3098 3099 3079 3117 3100 3066 3062  AVG 3092.72 STD 21.535124796480748
"-O1"	2296 2288 2232 2250 2209 2228 2215 2286 2223 2229 2231 2233 2250 2235 2250 2230 2248 2231 2238 2228 2246 2232 2246 2205 2242 2227 2216 2241 2243 2237 2232 2209 2227 2216 2262 2255 2232 2214 2234 2208 2241 2257 2224 2235 2244 2218 2221 2245 2225 2288  AVG 2237.04 STD 20.28
"-O2"	2311 2270 2226 2247 2252 2222 2254 2234 2221 2236 2240 2210 2242 2215 2216 2226 2211 2216 2226 2225 2273 2221 2233 2201 2232 2234 2246 2223 2229 2224 2233 2235 2226 2234 2213 2245 2230 2248 2196 2241 2213 2273 2211 2231 2241 2215 2245 2247 2240 2246  AVG 2233.58 STD 19.8998391953302
"-O3"	2275 2259 2242 2239 2214 2213 2220 2256 2208 2232 2205 2234 2245 2237 2213 2207 2237 2229 2202 2191 2248 2216 2220 2204 2207 2223 2223 2258 2235 2220 2217 2242 2214 2236 2240 2200 2217 2214 2239 2240 2240 2246 2233 2228 2236 2273 2228 2275 2245 2254  AVG 2230.58 STD 19.543889070499763
h263enc
"-O0"	1831 1837 1804 1771 1811 1794 1795 1779 1785 1818 1800 1799 1776 1797 1825 1780 1759 1782 1818 1766 1804 1857 1761 1794 1796 1815 1790 1767 1807 1819 1757 1831 1773 1776 1820 1774 1818 1781 1822 1786 1801 1791 1770 1789 1796 1795 1783 1748 1797 1767  AVG 1794.24 STD 22.912494408073513
"-O1"	1754 1837 1783 1780 1846 1791 1779 1790 1764 1770 1778 1788 1814 1794 1811 1797 1762 1788 1772 1832 1790 1817 1779 1804 1790 1779 1756 1792 1814 1786 1778 1799 1750 1774 1800 1769 1788 1789 1849 1780 1800 1778 1790 1828 1749 1821 1752 1753 1816 1744  AVG 1788.88 STD 24.93723320659291
"-O2"	1804 1777 1801 1819 1825 1781 1772 1767 1788 1783 1764 1806 1790 1778 1780 1805 1765 1758 1793 1788 1771 1801 1779 1778 1757 1804 1817 1771 1805 1801 1782 1794 1791 1786 1801 1824 1777 1776 1804 1782 1772 1799 1789 1774 1792 1820 1762 1751 1790 1805  AVG 1787.98 STD 17.866717661618768
"-O3"	1844 1790 1790 1780 1792 1809 1777 1768 1796 1760 1764 1788 1798 1749 1794 1769 1779 1778 1772 1781 1762 1831 1763 1785 1796 1815 1777 1805 1798 1773 1774 1798 1762 1777 1812 1796 1767 1790 1796 1792 1807 1794 1784 1748 1766 1818 1753 1784 1826 1791  AVG 1786.36 STD 20.501473117803023
mpeg2dec
"-O0"	118 143 120 119 137 130 119 134 142 127 126 122 132 114 122 131 128 128 127 126 114 119 119 137 113 118 119 126 117 130 121 131 120 117 128 132 130 122 128 119 116 121 124 120 121 113 112 119 116 134 124 119 122 128 129 119 124 124 123 130 115  AVG 123.90163934426229 STD 7.023858446501097
"-O1"	122 121 127 152 134 119 127 115 116 132 121 126 116 117 120 132 122 120 125 127 126 116 132 116 122 122 110 125 119 126 118 121 121 126 123 113 113 124 129 127 124 130 119 135 112 112 115 125 118 112 111 128 123 122 136 118 116 115 124 123 124  AVG 122.32786885245902 STD 7.2738501124377155
"-O2"	125 127 118 138 128 117 125 113 124 132 118 123 126 115 119 120 128 129 119 111 116 121 122 124 117 121 131 117 128 122 130 123 116 132 114 121 110 116 121 126 119 120 123 135 133 111 114 119 126 123 113 123 125 114 129 110 118 119 117 112 125  AVG 121.49180327868852 STD 6.464589423955486
"-O3"	125 126 117 120 126 119 127 111 127 121 125 139 126 130 111 136 128 126 133 137 122 113 117 121 128 130 117 130 117 114 136 131 127 114 128 121 118 117 119 122 123 121 125 115 132 112 118 123 125 116 124 111 121 122 117 117 120 118 116 117 129  AVG 122.52459016393442 STD 6.766858867332394
