Basic -o tests
401.bzip2
"-O0"	7908 7703 7479 7202 7101 7042 7094 7055 7022 7056  AVG 7266.2 STD 301.28717198048776
"-O1"	3501 3559 3536 3490 3487 3502 3508 3487 3497 3484  AVG 3505.1 STD 22.997608571327586
"-O2"	3307 3310 3304 3290 3302 3288 3331 3333 3324 3291  AVG 3308.0 STD 15.748015748023622
"-O3"	3334 3277 3259 3276 3295 3326 3297 3304 3276 3281  AVG 3292.5 STD 22.45551157288562
429.mcf
"-O0"	3710 3578 3639 3709 3669 3666 3651 3573 3543 3645  AVG 3638.3 STD 53.88701142204863
"-O1"	2665 2596 2651 2652 2628 2604 2628 2621 2608 2647  AVG 2630.0 STD 22.009089031579656
"-O2"	2272 2270 2299 2270 2209 2313 2211 2213 2242 2244  AVG 2254.3 STD 34.84264628296766
"-O3"	2240 2323 2212 2266 2249 2230 2292 2292 2263 2262  AVG 2262.9 STD 31.155898317975037
433.milc
"-O0"	24400 24424 24337 24395 24449 24482 24541 24483 24185 24286  AVG 24398.2 STD 99.82664974845144
"-O1"	15309 15394 15485 15467 15459 15561 15480 15356 15419 15386  AVG 15431.6 STD 69.52726084062279
"-O2"	15246 15155 14992 15216 15092 15105 15080 15164 15086 15143  AVG 15127.9 STD 69.50316539554152
"-O3"	15019 14931 14999 14963 14991 14875 15016 14900 14998 14910  AVG 14960.2 STD 49.71679796607983
445.gobmk
"-O0"	25371 25358 25398 25271 25279 25296 25299 25233 25278 25301  AVG 25308.4 STD 48.55553521484445
"-O1"	15120 15037 14981 14984 14970 14983 15036 14955 16229 15308  AVG 15160.3 STD 370.0324445234499
"-O2"	14491 14433 14464 14396 14455 14476 14446 14475 14558 14506  AVG 14470.0 STD 41.50180718956706
"-O3"	14343 14331 14315 14236 14243 14282 14208 14269 14296 14272  AVG 14279.5 STD 40.89804396300635
456.hmmer
"-O0"	7802 7741 7809 7764 7736 7774 7750 7729 7725 7745  AVG 7757.5 STD 27.861263431510064
"-O1"	2344 2330 2362 2349 2330 2366 2316 2345 2321 2329  AVG 2339.2 STD 15.917286200857232
"-O2"	2061 2111 2150 2100 2042 2167 2045 2099 2095 2057  AVG 2092.7 STD 40.4500927069395
"-O3"	2111 2142 2094 2112 2159 2091 2132 2078 2091 2202  AVG 2121.2 STD 36.22926993468127
458.sjeng
"-O0"	5363 5379 5359 5409 5338 5392 5392 5342 5292 5389  AVG 5365.5 STD 32.848896480703885
"-O1"	3268 3220 3212 3212 3225 3255 3182 3201 3210 3202  AVG 3218.7 STD 24.27776760742223
"-O2"	3162 3168 3175 3166 3155 3151 3164 3149 3141 3143  AVG 3157.4 STD 10.744300814850634
"-O3"	3235 3248 3218 3201 3183 3206 3184 3207 3159 3207  AVG 3204.8 STD 24.46139816118449
462.libquantum
"-O0"	3413 3465 3452 3471 3425 3409 3455 3456 3470 3451  AVG 3446.7 STD 21.675100922487076
"-O1"	1194 1176 1182 1150 1191 1187 1191 1194 1176 1182  AVG 1182.3 STD 12.530363123229908
"-O2"	968 967 968 975 969 976 946 982 960 975  AVG 968.6 STD 9.509994742374992
"-O3"	984 966 977 972 960 986 963 965 968 974  AVG 971.5 STD 8.32165848854662
464.h264ref
"-O0"	31258 31065 31197 31145 31098 31243 31189 31180 31208 31549  AVG 31213.2 STD 125.50681256409949
"-O1"	9937 9867 9912 9852 9972 9829 9870 9849 9879 9849  AVG 9881.6 STD 42.76493891028023
"-O2"	9814 9887 9787 9691 9861 9764 9849 9783 9851 9895  AVG 9818.2 STD 59.862843233511725
"-O3"	9150 9119 9089 9090 9138 9144 9185 9128 9118 9086  AVG 9124.7 STD 29.816270725897294
470.lbm
"-O0"	3205 3113 3115 3069 3108 3040 3078 3066 3127 3083  AVG 3100.4 STD 43.24395911569614
"-O1"	2272 2212 2252 2209 2220 2215 2201 2219 2271 2214  AVG 2228.5 STD 24.928898892650675
"-O2"	2286 2244 2286 2248 2209 2234 2256 2223 2209 2243  AVG 2243.8 STD 25.84492213182311
"-O3"	2287 2222 2212 2196 2250 2228 2229 2235 2248 2238  AVG 2234.5 STD 23.25618197383225
h263enc
"-O0"	1866 1803 1794 1822 1764 1765 1814 1788 1814 1781  AVG 1801.1 STD 28.79392296996017
"-O1"	1823 1822 1808 1800 1775 1778 1763 1765 1784 1785  AVG 1790.3 STD 20.78485025204656
"-O2"	1802 1810 1799 1763 1783 1773 1759 1779 1813 1784  AVG 1786.5 STD 17.934603424664846
"-O3"	1840 1816 1794 1760 1764 1791 1815 1771 1783 1783  AVG 1791.7 STD 24.133172190990557
mpeg2dec
"-O0"	122 119 121 146 134 119 118 139 128 124 138 121 121 126 132 129 121 119 122 120 120 137 128 121 125 128 119 128 131 111 119 120 124 123 122 114 130 125 116 126 129 117 115 127 120 127 127 134 132 116 135 122 122 122 119 116 132 126 120 128 128  AVG 124.59016393442623 STD 6.732298097829858
"-O1"	140 130 142 136 128 121 134 124 120 119 117 136 129 114 120 115 118 114 116 120 120 115 127 130 114 112 129 125 130 127 116 117 123 123 123 123 112 131 118 116 127 122 124 129 129 118 116 122 127 129 119 123 131 125 126 125 130 124 124 124 121  AVG 123.59016393442623 STD 6.703013878479792
"-O2"	132 122 126 116 130 127 116 121 124 119  AVG 123.3 STD 5.23545604508337
"-O3"	130 131 115 124 127 119 126 128 117 119  AVG 123.6 STD 5.40740233383831
