401.bzip2
"-O3"
3514.2 2878.4 14821.2 14321.3 2162.5 3291.4 1075.8 9399.3 2315.3 267.42857142857144 1835.4 135.8 2246.3 TOTAL(AVG) = 58264.32857142859
"-fno-defer-pop"
3390.3 2419.7 15001.3 14459.8 2186.6 3272.6 993.6 9323.2 2307.0 231.7 1839.1 137.0 2238.4 TOTAL(AVG) = 57800.29999999999 !!! -464.0285714286001
"-fno-inline"
3416.8 2715.3 14613.7 14792.4 2170.5 3276.8 1029.2 9480.9 2320.1 236.1 1847.3 144.2 2265.5 TOTAL(AVG) = 58308.8 +44.471428571414435
"-fno-inline-functions"
3417.0 2388.3 14542.3 14712.3 2176.2 3214.1 1024.7 9461.3 2312.7 232.3 1834.1 135.7 2242.8 TOTAL(AVG) = 57693.79999999998 !!! -570.5285714286074
"-fno-keep-inline-dllexport"
ERROR ERROR ERROR ERROR ERROR ERROR ERROR ERROR ERROR ERROR ERROR ERROR ERROR TOTAL(AVG) = 1300000 +1241735.6714285715
"-fkeep-inline-functions"
3406.0 2387.4 14570.8 14541.0 2180.0 3282.6 996.7 9290.3 2307.5 236.4 1807.4 131.9 2240.7 TOTAL(AVG) = 57378.69999999999 !!! -885.6285714285987
"-fkeep-static-functions"
3418.7 2369.2 14539.4 14400.7 2157.0 3309.1 1002.5 9262.0 2318.5 225.7 1840.3 130.4 2233.3 TOTAL(AVG) = 57206.8 !!! -1057.5285714285856
"-fmerge-all-constants"
3390.4 2357.6 14491.3 14441.1 2157.9 3296.8 1002.2 9302.5 2312.8 233.8 1795.6 132.8 2232.6 TOTAL(AVG) = 57147.40000000001 !!! -1116.9285714285797
"-fmodulo-sched"
3378.5 2375.8 14569.3 14511.3 2165.6 3228.2 1003.8 9299.9 2329.9 240.4 1807.0 131.4 2237.1 TOTAL(AVG) = 57278.2 !!! -986.1285714285914
"-fno-function-cse"
3403.9 2372.3 14554.8 14569.4 2158.8 3275.0 990.6 9283.5 2315.6 243.9 1834.1 131.4 2243.2 TOTAL(AVG) = 57376.5 !!! -887.8285714285885
"-fno-zero-initialized-in-bss"
3395.1 2376.6 14513.8 14543.8 2146.7 3277.7 1003.3 9337.9 2318.0 269.2352941176471 1846.3 136.0 2245.9 TOTAL(AVG) = 57410.335294117656 !!! -853.9932773109322
"-fgcse-sm"
3400.8 2371.8 14483.4 14444.4 2185.3 3286.9 993.6 9338.8 2318.0 241.5 1805.7 127.2 2233.7 TOTAL(AVG) = 57231.09999999999 !!! -1033.2285714285972
"-fgcse-las"
3395.6 2363.0 14514.0 14473.6 2169.6 3254.5 1001.1 9268.9 2301.9 248.2 1800.6 132.9 2245.3 TOTAL(AVG) = 57169.2 !!! -1095.1285714285914
"-fgcse-after-reload"
3400.0 2371.8 14471.4 14541.8 2189.4 3269.6 989.2 9294.2 2304.3 260.0 1886.8 138.3 2237.8 TOTAL(AVG) = 57354.600000000006 !!! -909.7285714285827
"-fdevirtualize-speculatively"
3382.9 2380.2 14583.6 14527.4 2162.6 3251.9 998.0 9308.4 2313.7 239.1 1824.4 132.7 2240.9 TOTAL(AVG) = 57345.799999999996 !!! -918.5285714285928
"-flive-range-shrinkage"
3418.4 2372.3 14520.5 14427.1 2130.9 3279.7 1026.3 9188.4 2326.7 241.9 1799.2 131.3 2239.0 TOTAL(AVG) = 57101.700000000004 !!! -1162.628571428584
"-fno-ira-share-save-slots"
3364.4 2355.9 14433.6 14614.4 2191.1 3261.3 1002.9 9287.6 2317.2 248.2 1848.4 125.5 2250.5 TOTAL(AVG) = 57301.0 !!! -963.3285714285885
"-fno-ira-share-spill-slots"
3388.1 2374.6 14510.3 14415.2 2166.2 3280.6 986.3 9314.5 2316.3 240.8 1847.8 131.5 2274.0 TOTAL(AVG) = 57246.200000000004 !!! -1018.1285714285841
"-fsched-pressure"
3410.4 2347.9 14556.8 14547.6 2197.5 3266.3 995.7 9283.9 2324.4 224.3 1847.0 135.6 2240.0 TOTAL(AVG) = 57377.4 !!! -886.928571428587
"-fsched-spec-load"
3404.5 2356.9 14476.9 14575.5 2178.8 3266.8 993.3 9298.1 2318.4 274.11764705882354 1842.8 132.7 2235.5 TOTAL(AVG) = 57354.31764705884 !!! -910.0109243697516
"-fsched-spec-load-dangerous"
3402.6 2365.5 14541.9 14549.8 2150.7 3262.5 1001.0 9291.3 2305.3 234.2 1844.1 137.9 2232.6 TOTAL(AVG) = 57319.4 !!! -944.928571428587
"-fsched-stalled-insns"
3357.9 2356.5 14477.7 14513.3 2192.2 3273.2 991.2 9405.3 2316.2 249.3 1855.0 128.4 2243.6 TOTAL(AVG) = 57359.79999999999 !!! -904.5285714286001
"-fsched-stalled-insns-dep"
3399.0 2368.1 14572.8 14543.0 2149.5 3262.4 988.3 9317.0 2318.7 247.0 1828.4 134.5 2244.8 TOTAL(AVG) = 57373.50000000001 !!! -890.8285714285812
"-fsched2-use-superblocks"
3424.2 2373.0 14532.4 14552.9 2197.2 3252.5 1023.0 9298.7 2316.8 247.7 1810.7 131.2 2238.8 TOTAL(AVG) = 57399.09999999999 !!! -865.2285714285972
"-fsched-group-heuristic"
3418.8 2366.2 14514.2 14541.5 2147.1 3266.5 995.0 9284.2 2316.4 253.4 1833.7 133.6 2232.5 TOTAL(AVG) = 57303.1 !!! -961.2285714285899
"-fsched-critical-path-heuristic"
3403.2 2337.8 14488.9 14528.7 2176.5 3267.6 1000.8 9273.5 2303.8 239.8 1842.9 136.0 2243.3 TOTAL(AVG) = 57242.80000000002 !!! -1021.528571428571
"-fsched-spec-insn-heuristic"
3385.2 2364.6 14552.6 14511.5 2148.5 3276.9 996.3 9286.3 2314.4 244.9 1834.2 133.0 2247.4 TOTAL(AVG) = 57295.80000000001 !!! -968.5285714285783
"-fsched-rank-heuristic"
3429.1 2378.3 14525.1 14539.9 2150.0 3268.8 988.1 9282.3 2315.1 242.0 1833.0 129.5 2236.1 TOTAL(AVG) = 57317.3 !!! -947.0285714285856
"-fsched-last-insn-heuristic"
3381.2 2351.7 14583.0 14539.5 2152.8 3269.4 990.2 9270.3 2315.0 277.6 1833.7 131.1 2241.4 TOTAL(AVG) = 57336.9 !!! -927.428571428587
"-fsched-dep-count-heuristic"
3403.3 2377.7 14534.7 14568.0 2153.7 3260.2 995.5 9294.9 2317.4 234.5 1851.1 134.3 2249.5 TOTAL(AVG) = 57374.799999999996 !!! -889.5285714285928
"-freschedule-modulo-scheduled-loops"
3402.2 2351.8 14498.1 14535.7 2193.6 3272.4 999.0 9316.5 2313.9 248.1 1848.5 129.9 2240.9 TOTAL(AVG) = 57350.600000000006 !!! -913.7285714285827
"-fselective-scheduling"
3389.5 2355.5 14522.5 14549.6 2160.7 3267.1 990.7 9300.1 2322.8 241.9 1838.8 136.3 2256.8 TOTAL(AVG) = 57332.3 !!! -932.0285714285856
"-fselective-scheduling2"
3438.9 2362.7 14688.0 14580.7 2161.8 3289.9 1028.1 9576.0 2312.9 239.5 1951.4 136.7 2381.0 TOTAL(AVG) = 58147.600000000006 !!! -116.72857142858265
"-fconserve-stack"
3398.1 2389.6 14471.2 14565.6 2116.9 3268.5 998.0 9274.6 2317.2 228.3 1841.4 134.1 2248.1 TOTAL(AVG) = 57251.6 !!! -1012.7285714285899
"-fnotree-partial-pre"
ERROR ERROR ERROR ERROR ERROR ERROR ERROR ERROR ERROR ERROR ERROR ERROR ERROR TOTAL(AVG) = 1300000 +1241735.6714285715
"-fipa-pta"
3421.6 2371.2 14511.9 14518.1 2167.5 3255.8 991.3 9299.5 2315.5 241.6 1900.0 133.4 2241.6 TOTAL(AVG) = 57369.0 !!! -895.3285714285885
"-fno-ipa-cp-clone"
3404.7 2372.0 14505.3 14463.3 2140.1 3235.6 995.8 9278.3 2307.3 223.9 1795.5 137.5 2263.2 TOTAL(AVG) = 57122.50000000001 !!! -1141.8285714285812
"-fisolate-erroneous-paths-attribute"
3408.2 2357.5 14584.0 14541.2 2159.1 3257.2 995.5 9276.6 2303.4 244.6 1842.8 139.2 2240.1 TOTAL(AVG) = 57349.399999999994 !!! -914.9285714285943
"-floop-nest-optimize"
3400.0 2370.1 14499.5 14421.6 2179.6 3253.9 995.7 9371.8 2311.7 237.3 1839.7 141.3 2231.6 TOTAL(AVG) = 57253.799999999996 !!! -1010.5285714285928
"-floop-parallelize-all"
3380.1 2363.6 14573.4 14393.1 2161.8 3273.4 999.3 9247.0 2305.2 238.1 1849.1 140.4 2254.6 TOTAL(AVG) = 57179.1 !!! -1085.22857142859
"-fnotree-loop-distribute-patterns"
ERROR ERROR ERROR ERROR ERROR ERROR ERROR ERROR ERROR ERROR ERROR ERROR ERROR TOTAL(AVG) = 1300000 +1241735.6714285715
"-floop-interchange"
3386.9 2368.1 14529.7 14449.6 2175.2 3257.8 988.6 9340.9 2312.9 294.0 1854.7 131.2 2255.5 TOTAL(AVG) = 57345.1 !!! -919.2285714285899
"-ftree-loop-im"
3396.8 2366.6 14525.7 14525.4 2159.1 3272.2 990.2 9288.5 2313.5 238.9 1838.5 133.1 2253.0 TOTAL(AVG) = 57301.49999999999 !!! -962.8285714285958
"-ftree-loop-ivcanon"
3384.4 2402.2 14638.8 14547.5 2149.7 3271.0 998.4 9306.3 2308.8 245.2 1839.0 132.1 2263.8 TOTAL(AVG) = 57487.200000000004 !!! -777.1285714285841
"-fivopts"
3401.9 2366.4 14551.6 14504.7 2161.2 3255.1 993.0 9309.8 2315.3 243.9 1836.5 131.5 2241.4 TOTAL(AVG) = 57312.3 !!! -952.0285714285856
"-ftree-parallelize-loops=16"
3388.2 2375.3 14554.6 14452.6 2169.2 3261.9 4933.5 9271.2 2325.3 255.8 1813.7 131.1 2261.7 TOTAL(AVG) = 61194.1 +2929.77142857141
"-ftree-vectorize"
3398.6 2376.8 14561.5 14467.2 2175.7 3282.3 995.0 9254.1 2327.6 234.4 1838.3 130.2 2251.2 TOTAL(AVG) = 57292.9 !!! -971.428571428587
"-fvariable-expansion-in-unroller"
3397.5 2385.8 14526.1 14502.2 2156.3 3279.1 997.5 9290.5 2318.5 242.1 1836.1 135.7 2239.5 TOTAL(AVG) = 57306.9 !!! -957.428571428587
"-fno-predictive-commoning"
3410.6 2384.9 14503.5 14496.2 2171.4 3273.9 993.8 9323.2 2306.7 247.2 1828.3 134.7 2252.0 TOTAL(AVG) = 57326.399999999994 !!! -937.9285714285943
"-fprefetch-loop-arrays"
3410.6 2363.9 14324.3 14632.0 2173.5 3277.1 1002.2 9389.2 2314.4 241.5 1814.2 131.9 2290.0 TOTAL(AVG) = 57364.8 !!! -899.5285714285856
"-flimit-function-alignment"
3485.0 2357.0 15075.2 14516.7 2146.1 3280.1 996.7 9338.8 2312.0 251.2 1827.1 139.2 2244.5 TOTAL(AVG) = 57969.599999999984 !!! -294.7285714286045
"-fweb"
3392.5 2371.0 14571.6 14401.1 2147.1 3207.9 1007.0 9069.0 2253.3 314.8 1819.2 131.8 2210.1 TOTAL(AVG) = 56896.4 !!! -1367.928571428587
"-flto"
3362.8 2311.3 13334.2 14161.0 2106.8 3161.8 985.6 8993.4 2255.1 227.2 1787.6 128.5 2221.6 TOTAL(AVG) = 55036.9 !!! -3227.428571428587
"-fprofile-correction"
3335.2 2311.5 14634.5 14430.0 2150.7 3224.1 980.9 9168.5 2279.0 245.0 1803.3 130.7 2215.5 TOTAL(AVG) = 56908.899999999994 !!! -1355.4285714285943
"-fsingle-precision-constant"
3353.0 2317.2 14290.2 14340.9 99999.0 3201.4 986.5 9187.4 99999.0 238.6 1779.3 134.3 2200.6 TOTAL(AVG) = 252027.39999999997 +193763.07142857136
"-fcx-limited-range"
3333.7 2298.7 14305.8 14302.8 2117.0 3234.1 979.8 9167.8 2270.3 233.3 1858.2 133.9 2206.7 TOTAL(AVG) = 56442.1 !!! -1822.22857142859
"-fbranch-probabilities"
3309.0 2329.9 14306.5 14234.6 2113.8 3217.2 981.3 9109.9 2281.4 223.0 1805.7 131.4 2223.5 TOTAL(AVG) = 56267.200000000004 !!! -1997.128571428584
"-fvpt"
3325.0 2331.4 14284.1 14372.8 2126.3 3228.2 984.6 9131.1 2277.6 246.5 1826.9 139.5 2207.5 TOTAL(AVG) = 56481.5 !!! -1782.8285714285885
"-frename-registers"
3321.0 2302.2 14323.2 14677.5 2247.7 3245.8 995.3 9341.3 2265.1 232.0 1804.2 128.4 2201.8 TOTAL(AVG) = 57085.5 !!! -1178.8285714285885
"-funroll-loops"
3370.8 2302.3 14375.8 15269.0 2125.2 3186.6 860.6 9195.1 2282.3 222.0 1812.0 131.8 2190.8 TOTAL(AVG) = 57324.3 !!! -940.0285714285856
"-funroll-all-loops"
3364.2 2326.9 14378.1 14536.9 2118.8 3167.0 860.4 9186.6 2301.0 240.2 1807.6 128.5 2205.5 TOTAL(AVG) = 56621.7 !!! -1642.6285714285914
"-fprofile-use"
3354.3 2309.6 14346.1 14499.3 2140.6 3123.9 974.0 9087.8 2279.9 258.04761904761904 1801.1 128.2 2212.0 TOTAL(AVG) = 56514.84761904762 !!! -1749.4809523809672
"-fpeel-loops"
3325.1 2327.3 14301.1 14323.7 2135.0 3216.0 979.7 9095.2 2521.9 254.9 1872.8 133.2 2198.6 TOTAL(AVG) = 56684.49999999999 !!! -1579.8285714285958
"-fsplit-loops"
3335.5 2298.7 15885.8 15584.8 2362.1 3473.0 1010.9 9322.3 2318.6 244.6 1840.9 131.1 2246.9 TOTAL(AVG) = 60055.200000000004 +1790.871428571416
"-funswitch-loops"
3406.4 2396.4 14543.8 14608.6 2164.1 3294.1 1000.2 9331.9 2330.5 231.3 1848.5 135.1 2240.2 TOTAL(AVG) = 57531.09999999999 !!! -733.2285714285972
"-floop-unroll-and-jam"
3411.4 2374.4 14584.5 14603.6 2193.8 3281.7 995.0 9404.8 2304.1 241.7 1832.6 143.8 2248.3 TOTAL(AVG) = 57619.7 !!! -644.6285714285914
"-fbranch-target-load-optimize"
3394.9 2372.5 14621.4 14574.1 2167.3 3275.3 994.9 9282.6 2312.3 243.0 1832.0 140.0 2240.3 TOTAL(AVG) = 57450.60000000001 !!! -813.7285714285754
"-fbranch-target-load-optimize2"
3388.7 2372.8 14684.5 14561.3 2187.1 3262.2 995.5 9290.6 2315.1 228.1 1848.3 138.5 2232.6 TOTAL(AVG) = 57505.299999999996 !!! -759.0285714285928
"-fbtr-bb-exclusive"
3413.5 2378.2 14580.8 14539.2 2173.4 3287.1 988.8 9355.6 2294.6 238.2 1830.4 141.4 2224.4 TOTAL(AVG) = 57445.6 !!! -818.7285714285899
"-fstdarg-opt"
3380.0 2364.8 14899.6 14539.2 2172.1 3276.4 1001.3 9286.5 2305.6 238.7 1848.0 138.0 2252.5 TOTAL(AVG) = 57702.700000000004 !!! -561.6285714285841
"-fsection-anchors"
3393.5 2378.7 14486.0 14551.4 2149.3 3262.4 995.5 9281.3 2315.8 299.3 1842.5 130.2 2234.6 TOTAL(AVG) = 57320.50000000001 !!! -943.8285714285812
