401.bzip2
"-O3"
3396 2416 15038 14631 2192 3238 976 9274 2285 1836 129 TOTAL(AVG) = 55411
"-faggressive-loop-optimizations"
3372 2346 15011 14512 2174 3276 986 9301 2321 1835 125 TOTAL(AVG) = 55259 !!! -152
"-falign-functions"
3486 2347 14591 14488 2150 3243 978 9327 2299 1831 127 TOTAL(AVG) = 54867 !!! -544
"-falign-jumps"
3374 2342 14608 14490 2140 3291 983 9580 2287 1850 125 TOTAL(AVG) = 55070 !!! -341
"-falign-labels"
3459 2314 15032 14539 2161 3256 976 9296 2310 1882 126 TOTAL(AVG) = 55351 !!! -60
"-falign-loops"
3410 2335 15071 14495 2149 3261 985 9328 2329 1835 128 TOTAL(AVG) = 55326 !!! -85
"-fassociative-math"
3387 2332 14519 14502 2158 3256 984 9322 2314 1830 129 TOTAL(AVG) = 54733 !!! -678
"-fauto-inc-dec"
3398 2366 14508 14487 2113 3275 982 9334 2302 1826 129 TOTAL(AVG) = 54720 !!! -691
"-fbranch-target-load-optimize2"
3382 2335 14582 14505 2179 3249 980 9284 2292 1847 125 TOTAL(AVG) = 54760 !!! -651
"-fbtr-bb-exclusive"
3365 2360 14574 14490 2143 3253 991 9301 2305 1837 124 TOTAL(AVG) = 54743 !!! -668
"-fcaller-saves"
3379 2363 14535 14542 2169 3263 984 9307 2308 1830 128 TOTAL(AVG) = 54808 !!! -603
"-fcheck-data-deps"
3395 2333 14563 14555 2129 3233 988 9299 2335 1832 129 TOTAL(AVG) = 54791 !!! -620
"-fcombine-stack-adjustments"
3376 2356 14488 14535 2179 3240 989 9284 2305 1822 131 TOTAL(AVG) = 54705 !!! -706
"-fconserve-stack"
3361 2330 14497 14468 2115 3230 976 9320 2301 1843 127 TOTAL(AVG) = 54568 !!! -843
"-fcompare-elim"
3373 2383 14578 14548 2148 3261 975 9326 2298 1841 127 TOTAL(AVG) = 54858 !!! -553
"-fcprop-registers"
3352 2350 14647 14497 2163 3249 980 9306 2294 1846 131 TOTAL(AVG) = 54815 !!! -596
"-fcrossjumping"
3385 2356 14652 14520 2156 3263 984 9302 2322 1844 132 TOTAL(AVG) = 54916 !!! -495
"-fcse-follow-jumps"
3372 2361 14531 14519 2159 3261 984 9271 2312 1812 124 TOTAL(AVG) = 54706 !!! -705
"-fcse-skip-blocks"
3381 2355 14563 14547 2169 3252 989 9251 2316 1833 128 TOTAL(AVG) = 54784 !!! -627
"-fcx-fortran-rules"
3367 2368 14580 14660 2118 3272 971 9351 2325 1842 131 TOTAL(AVG) = 54985 !!! -426
"-fcx-limited-range"
3409 2336 14690 14533 2169 3265 978 9414 2310 1851 128 TOTAL(AVG) = 55083 !!! -328
"-fdata-sections"
3385 2357 14541 14536 2182 3256 988 9331 2318 1832 127 TOTAL(AVG) = 54853 !!! -558
"-fdce"
3369 2346 14538 14563 2181 3252 975 9310 2286 1830 126 TOTAL(AVG) = 54776 !!! -635
"-fdelayed-branch"
3385 2322 14561 14521 2184 3265 995 9320 2296 1825 126 TOTAL(AVG) = 54800 !!! -611
"-fdelete-null-pointer-checks"
3385 2361 14517 14514 2147 3286 1000 9352 2315 1836 130 TOTAL(AVG) = 54843 !!! -568
"-fdevirtualize"
3397 2351 14565 14525 2173 3261 983 9337 2306 1829 127 TOTAL(AVG) = 54854 !!! -557
"-fearly-inlining"
3386 2369 14653 14518 2147 3252 985 9256 2320 1833 128 TOTAL(AVG) = 54847 !!! -564
"-ffast-math"
3370 2358 14590 14436 1982 3255 1010 9317 2317 1846 128 TOTAL(AVG) = 54609 !!! -802
"-ffinite-math-only"
3376 2342 14490 14349 2159 3264 989 9329 2324 1841 128 TOTAL(AVG) = 54591 !!! -820
"-ffloat-store"
3388 2359 25003 14577 2471 3223 1000 9254 5175 1823 129 TOTAL(AVG) = 68402 +12991
"-fforward-propagate"
3375 2335 14579 14676 2145 3260 978 9277 2296 1818 134 TOTAL(AVG) = 54873 !!! -538
"-ffunction-sections"
3366 2361 14529 14463 2148 3233 969 9256 2287 1822 124 TOTAL(AVG) = 54558 !!! -853
"-fgcse"
3362 2344 14531 14457 2156 3250 980 9281 2281 1830 128 TOTAL(AVG) = 54600 !!! -811
"-fgcse-after-reload"
3381 2333 14679 14483 2160 3255 984 9275 2315 1854 130 TOTAL(AVG) = 54849 !!! -562
"-fgcse-lm"
3389 2364 14525 14474 2182 3250 983 9266 2306 1823 126 TOTAL(AVG) = 54688 !!! -723
"-fgraphite-identity"
3377 2331 14532 14390 2144 3265 983 9283 2322 1836 129 TOTAL(AVG) = 54592 !!! -819
"-fgcse-sm"
3388 2327 14539 14383 2149 3253 984 9334 2339 1844 136 TOTAL(AVG) = 54676 !!! -735
"-fhoist-adjacent-loads"
3392 2344 14628 14532 2172 3256 984 9330 2308 1849 133 TOTAL(AVG) = 54928 !!! -483
"-fif-conversion"
3382 2389 14613 14580 2183 3283 979 9290 2319 1837 129 TOTAL(AVG) = 54984 !!! -427
"-fif-conversion2"
3393 2357 14541 14609 2142 3269 983 9332 2306 1827 123 TOTAL(AVG) = 54882 !!! -529
"-finline-functions"
3406 2362 14525 14536 2136 3259 987 9337 2318 1849 127 TOTAL(AVG) = 54842 !!! -569
"-finline-functions-called-once"
3388 2342 14666 14579 2174 3236 1031 9327 2322 1837 126 TOTAL(AVG) = 55028 !!! -383
"-finline-small-functions"
3382 2394 14643 14787 2134 3244 985 9340 2297 1837 130 TOTAL(AVG) = 55173 !!! -238
"-fipa-cp-clone"
3409 2382 14584 14517 2195 3268 987 9293 2305 1843 130 TOTAL(AVG) = 54913 !!! -498
"-fipa-pta"
3406 2378 14546 14464 2145 3254 985 9270 2288 1839 129 TOTAL(AVG) = 54704 !!! -707
"-fipa-profile"
3372 2340 14529 14568 2123 3269 987 9329 2297 1834 126 TOTAL(AVG) = 54774 !!! -637
"-fipa-pure-const"
3389 2362 14550 14519 2139 3269 995 9290 2299 1836 131 TOTAL(AVG) = 54779 !!! -632
"-fipa-reference"
3434 2357 14482 14513 2143 3231 982 9369 2311 1848 125 TOTAL(AVG) = 54795 !!! -616
"-fira-hoist-pressure"
3401 2366 14560 14508 2133 3242 988 9414 2312 1837 125 TOTAL(AVG) = 54886 !!! -525
"-fira-loop-pressure"
3406 2372 14597 14504 2150 3234 1020 9427 2341 1834 126 TOTAL(AVG) = 55011 !!! -400
"-fno-ira-share-spill-slots"
3372 2345 14528 14440 2137 3277 986 9331 2322 1849 133 TOTAL(AVG) = 54720 !!! -691
"-fivopts"
3408 2339 14551 14537 2177 3258 987 9349 2302 1847 134 TOTAL(AVG) = 54889 !!! -522
"-fkeep-static-consts"
3532 2380 14469 14545 2131 3262 988 9508 2318 1851 126 TOTAL(AVG) = 55110 !!! -301
"-floop-block"
3383 2344 14489 14451 2157 3273 986 9393 2284 1836 130 TOTAL(AVG) = 54726 !!! -685
"-floop-interchange"
3426 2335 14480 14445 2157 3261 982 9416 2314 1833 129 TOTAL(AVG) = 54778 !!! -633
"-floop-strip-mine"
3380 2342 14545 14463 2144 3247 985 9424 2315 1846 135 TOTAL(AVG) = 54826 !!! -585
"-floop-nest-optimize"
3371 2372 14589 14485 2150 3243 985 9418 2293 1849 127 TOTAL(AVG) = 54882 !!! -529
"-flto"
3404 2380 14094 14307 2186 3184 991 9137 2315 1832 126 TOTAL(AVG) = 53956 !!! -1455
"-flto-report"
3464 2362 14542 14567 2143 3246 984 9338 2297 1822 125 TOTAL(AVG) = 54890 !!! -521
"-fmerge-all-constants"
3390 2346 14498 14422 2137 3254 991 9338 2299 1836 123 TOTAL(AVG) = 54634 !!! -777
"-fmerge-constants"
3390 2353 14524 14492 2144 3254 984 9301 2344 1845 129 TOTAL(AVG) = 54760 !!! -651
"-fmove-loop-invariants"
3395 2354 14584 14527 2171 3271 981 9323 2293 1832 127 TOTAL(AVG) = 54858 !!! -553
"-fmudflapth"
3398 2357 14434 14501 2153 3256 993 9335 2315 1853 123 TOTAL(AVG) = 54718 !!! -693
"-fno-branch-count-reg"
3383 2361 14520 14553 2181 3260 971 9439 2292 1835 126 TOTAL(AVG) = 54921 !!! -490
"-fno-default-inline"
3425 2343 14575 14498 2208 3252 987 9333 2298 1821 131 TOTAL(AVG) = 54871 !!! -540
"-fno-defer-pop"
3394 2370 14519 14440 2150 3262 975 9308 2303 1829 127 TOTAL(AVG) = 54677 !!! -734
"-fno-function-cse"
3388 2362 14448 14512 2159 3227 983 9360 2282 1848 124 TOTAL(AVG) = 54693 !!! -718
"-fno-inline"
3393 2737 14443 14852 2168 3248 1018 9496 2310 1835 125 TOTAL(AVG) = 55625 +214
"-fno-math-errno"
3388 2382 14504 14487 2203 3250 1023 9461 2338 1834 126 TOTAL(AVG) = 54996 !!! -415
"-fno-peephole"
3371 2331 14562 14551 2138 3249 993 9301 2298 1836 125 TOTAL(AVG) = 54755 !!! -656
"-fno-peephole2"
3388 2348 14597 14504 2187 3263 1015 9322 2329 1827 132 TOTAL(AVG) = 54912 !!! -499
"-fno-sched-spec"
3383 2333 14554 14494 2153 3249 985 9312 2308 1831 125 TOTAL(AVG) = 54727 !!! -684
"-fno-toplevel-reorder"
3361 2341 14506 14452 2147 3219 978 9288 2285 1842 133 TOTAL(AVG) = 54552 !!! -859
"-fno-trapping-math"
3360 2346 14630 14423 2163 3247 1009 9315 2322 1841 132 TOTAL(AVG) = 54788 !!! -623
"-fomit-frame-pointer"
3375 2352 14484 14490 2146 3233 978 9261 2310 1825 131 TOTAL(AVG) = 54585 !!! -826
"-foptimize-register-move"
3374 2392 14537 14508 2177 3245 987 9295 2294 1828 130 TOTAL(AVG) = 54767 !!! -644
"-foptimize-sibling-calls"
3374 2348 14465 14500 2144 3249 989 9395 2318 1834 133 TOTAL(AVG) = 54749 !!! -662
"-fpeel-loops"
3395 2339 14536 14491 2143 3243 983 9303 2292 1837 141 TOTAL(AVG) = 54703 !!! -708
"-fpredictive-commoning"
3378 2377 14463 14521 2155 3263 982 9356 2303 1838 133 TOTAL(AVG) = 54769 !!! -642
"-fprefetch-loop-arrays"
3388 2385 14450 14602 2177 3285 978 9400 2301 1826 130 TOTAL(AVG) = 54922 !!! -489
"-fprofile-values "
3379 2339 14624 14564 2166 3270 969 9332 2328 1831 130 TOTAL(AVG) = 54932 !!! -479
"-freciprocal-math"
3403 2339 14557 14536 2036 3253 1023 9322 2291 1831 128 TOTAL(AVG) = 54719 !!! -692
"-free"
3411 2335 14603 14581 2181 3261 988 9298 2314 1842 130 TOTAL(AVG) = 54944 !!! -467
"-fregmove"
3387 2369 14553 14540 2211 3263 982 9290 2289 1838 124 TOTAL(AVG) = 54846 !!! -565
"-frename-registers"
3385 2330 14549 14621 2129 3215 995 9485 2313 1829 125 TOTAL(AVG) = 54976 !!! -435
"-freorder-blocks"
3387 2371 14534 14514 2134 3243 978 9338 2285 1842 129 TOTAL(AVG) = 54755 !!! -656
"-freorder-blocks-and-partition"
3351 2353 14570 14559 2162 3263 989 9324 2298 1844 127 TOTAL(AVG) = 54840 !!! -571
"-freorder-functions"
3387 2335 14509 14601 2150 3249 981 9325 2331 1822 127 TOTAL(AVG) = 54817 !!! -594
"-frerun-cse-after-loop"
3395 2341 14578 14527 2143 3250 982 9311 2308 1826 127 TOTAL(AVG) = 54788 !!! -623
"-freschedule-modulo-scheduled-loops"
3406 2354 14640 14808 2144 3262 978 9303 2307 1834 133 TOTAL(AVG) = 55169 !!! -242
"-frounding-math"
3384 2347 14549 14464 2151 3254 980 9336 2321 1854 133 TOTAL(AVG) = 54773 !!! -638
"-fsched2-use-superblocks"
3426 2344 14596 14553 2191 3253 1005 9353 2308 1835 128 TOTAL(AVG) = 54992 !!! -419
"-fsched-pressure"
3394 2371 14513 14528 2164 3254 989 9346 2296 1841 137 TOTAL(AVG) = 54833 !!! -578
"-fsched-spec-load"
3406 2357 14535 14514 2157 3261 992 9358 2309 1834 125 TOTAL(AVG) = 54848 !!! -563
"-fsched-spec-load-dangerous"
3387 2340 14572 14583 2138 3281 975 9331 2324 1854 125 TOTAL(AVG) = 54910 !!! -501
"-fsched-stalled-insns-dep"
3411 2362 14557 14567 2192 3360 995 9324 2309 1821 127 TOTAL(AVG) = 55025 !!! -386
"-fsched-stalled-insns"
3330 2365 14559 14599 2164 3264 973 9439 2309 1862 131 TOTAL(AVG) = 54995 !!! -416
"-fsched-group-heuristic"
3391 2363 14562 14745 2303 3403 994 9821 2326 1904 124 TOTAL(AVG) = 55936 +525
"-fsched-critical-path-heuristic"
3374 2341 15075 14502 2175 3251 980 9313 2421 1841 133 TOTAL(AVG) = 55406 !!! -5
"-fsched-spec-insn-heuristic"
3373 2354 14567 14615 2162 3250 1021 9294 2303 1842 130 TOTAL(AVG) = 54911 !!! -500
"-fsched-rank-heuristic"
3379 2352 14559 14538 2149 3247 967 9276 2294 1829 130 TOTAL(AVG) = 54720 !!! -691
"-fsched-last-insn-heuristic"
3387 2369 14481 14499 2166 3256 998 9310 2308 1844 126 TOTAL(AVG) = 54744 !!! -667
"-fsched-dep-count-heuristic"
3406 2339 14487 14520 2137 3263 978 9275 2308 1830 125 TOTAL(AVG) = 54668 !!! -743
"-fschedule-insns2"
3364 2318 14525 15123 2186 3281 980 9295 2293 1825 129 TOTAL(AVG) = 55319 !!! -92
"-fsection-anchors"
3473 2392 15063 14609 2186 3284 979 9308 2370 1859 131 TOTAL(AVG) = 55654 +243
"-fselective-scheduling"
3468 2375 14606 14527 2130 3256 992 9353 2325 1851 127 TOTAL(AVG) = 55010 !!! -401
"-fselective-scheduling2"
3437 2354 14714 14594 2123 3296 1008 9572 2308 1833 130 TOTAL(AVG) = 55369 !!! -42
"-fsel-sched-pipelining"
3395 2340 14497 14559 2182 3272 982 9320 2329 1844 128 TOTAL(AVG) = 54848 !!! -563
"-fsel-sched-pipelining-outer-loops"
3391 2344 14509 14612 2151 3266 985 9296 2317 1816 131 TOTAL(AVG) = 54818 !!! -593
"-fshrink-wrap"
3404 2343 14510 14502 2142 3259 986 9292 2338 1824 129 TOTAL(AVG) = 54729 !!! -682
"-fsplit-wide-types"
3369 2367 14466 14506 2152 3252 979 9268 2313 1840 129 TOTAL(AVG) = 54641 !!! -770
"-fstack-protector"
3350 2358 15139 14643 2152 3246 1018 9257 2315 1846 125 TOTAL(AVG) = 55449 +38
"-fstack-protector-all"
3372 2339 14794 14861 2165 3391 1049 10153 2303 1849 130 TOTAL(AVG) = 56406 +995
"-fstrict-aliasing"
3361 2351 14505 14558 2173 3261 987 9287 2290 1845 132 TOTAL(AVG) = 54750 !!! -661
"-fstrict-overflow"
3391 2339 14551 14542 2163 3257 981 9305 2315 1867 128 TOTAL(AVG) = 54839 !!! -572
"-fthread-jumps"
3366 2370 14487 14538 2169 3254 989 9287 2317 1832 130 TOTAL(AVG) = 54739 !!! -672
"-ftracer"
3391 2363 14605 14446 2136 3128 1021 9397 2319 1834 131 TOTAL(AVG) = 54771 !!! -640
"-ftree-bit-ccp"
3387 2360 14524 14599 2172 3371 981 9321 2315 1834 129 TOTAL(AVG) = 54993 !!! -418
"-ftree-builtin-call-dce"
3386 2340 14587 14505 2134 3250 987 9286 2311 1868 127 TOTAL(AVG) = 54781 !!! -630
"-ftree-ccp"
3392 2331 14545 14545 2300 3262 977 9342 2331 1840 126 TOTAL(AVG) = 54991 !!! -420
"-ftree-ch"
3367 2329 14533 14480 2130 3252 983 9338 2300 1841 122 TOTAL(AVG) = 54675 !!! -736
"-ftree-coalesce-vars"
3366 2345 14544 14503 2145 3247 977 9299 2323 1817 125 TOTAL(AVG) = 54691 !!! -720
"-ftree-copy-prop"
3394 2340 14574 14522 2137 3257 974 9299 2309 1819 128 TOTAL(AVG) = 54753 !!! -658
"-ftree-copyrename"
3374 2345 14585 14486 2151 3340 988 9304 2346 1821 127 TOTAL(AVG) = 54867 !!! -544
"-ftree-dce"
3383 2321 14517 14556 2157 3258 986 9320 2340 1845 125 TOTAL(AVG) = 54808 !!! -603
"-ftree-dominator-opts"
3386 2356 14579 14569 2123 3260 980 9412 2318 1837 128 TOTAL(AVG) = 54948 !!! -463
"-ftree-dse "
3368 2352 14567 14525 2115 3261 986 9306 2305 1835 124 TOTAL(AVG) = 54744 !!! -667
"-ftree-forwprop"
3380 2405 14596 14583 2179 3296 981 9280 2309 1845 128 TOTAL(AVG) = 54982 !!! -429
"-ftree-fre"
3367 2360 14484 14539 2153 3261 974 9308 2301 1818 126 TOTAL(AVG) = 54691 !!! -720
"-ftree-loop-if-convert"
3393 2384 14553 14350 2191 3159 1017 9368 2314 1843 132 TOTAL(AVG) = 54704 !!! -707
"-ftree-phiprop"
3421 2355 14615 14575 2146 3265 987 9325 2302 1835 132 TOTAL(AVG) = 54958 !!! -453
"-ftree-loop-distribution"
3370 2340 14529 14524 2138 3263 991 9274 2346 1821 132 TOTAL(AVG) = 54728 !!! -683
"-ftree-loop-distribute-patterns"
3436 2358 14512 14563 2166 3280 996 9312 2299 1910 141 TOTAL(AVG) = 54973 !!! -438
"-ftree-loop-ivcanon"
3398 2329 14479 14605 2150 3259 979 9287 2323 1845 138 TOTAL(AVG) = 54792 !!! -619
"-ftree-loop-linear"
3367 2367 14537 14550 2165 3255 973 9441 2311 1832 129 TOTAL(AVG) = 54927 !!! -484
"-ftree-loop-optimize"
3419 2349 14595 14550 2166 3268 979 9292 2299 1844 138 TOTAL(AVG) = 54899 !!! -512
"-ftree-pre"
3413 2337 14567 14836 2147 3262 980 9327 2330 1847 130 TOTAL(AVG) = 55176 !!! -235
"-ftree-partial-pre"
3396 2360 14553 14554 2204 3283 984 9294 2319 1825 126 TOTAL(AVG) = 54898 !!! -513
"-ftree-pta"
3385 2374 14594 14551 2137 3264 993 9297 2319 1834 124 TOTAL(AVG) = 54872 !!! -539
"-ftree-reassoc"
3377 2325 14541 14589 2151 3262 977 9301 2332 1849 131 TOTAL(AVG) = 54835 !!! -576
"-ftree-sink"
3372 2375 14612 14548 2154 3266 995 9308 2316 1839 136 TOTAL(AVG) = 54921 !!! -490
"-ftree-slsr"
3363 2372 14652 14559 2188 3279 984 9381 2440 1841 138 TOTAL(AVG) = 55197 !!! -214
"-ftree-sra"
3398 2368 14580 14591 2183 3261 987 9281 2321 1857 135 TOTAL(AVG) = 54962 !!! -449
"-ftree-switch-conversion"
3401 2363 14462 14534 2143 3275 989 9317 2307 1838 127 TOTAL(AVG) = 54756 !!! -655
"-ftree-tail-merge"
3384 2363 14525 14625 2147 3296 984 9320 2326 1830 125 TOTAL(AVG) = 54925 !!! -486
"-ftree-ter"
3382 2342 14528 14564 2181 3258 994 9542 2304 1827 130 TOTAL(AVG) = 55052 !!! -359
"-ftree-vectorize"
3496 2430 14597 14498 2156 3274 990 9353 2328 1832 128 TOTAL(AVG) = 55082 !!! -329
"-ftree-vrp"
3398 2386 14528 14601 2189 3269 982 9350 2364 1854 130 TOTAL(AVG) = 55051 !!! -360
"-funit-at-a-time"
3390 2351 14592 14586 2161 3287 990 9303 2309 1834 132 TOTAL(AVG) = 54935 !!! -476
"-funroll-all-loops"
3445 2341 14595 14761 2143 3229 871 9437 2371 1869 134 TOTAL(AVG) = 55196 !!! -215
"-funroll-loops"
3481 2362 14686 14681 2135 3235 872 9385 2322 1835 126 TOTAL(AVG) = 55120 !!! -291
"-funsafe-loop-optimizations"
3425 2343 14543 14599 2176 3317 1009 9305 2327 1826 129 TOTAL(AVG) = 54999 !!! -412
"-funsafe-math-optimizations"
3392 2361 14565 14415 2031 3252 1023 9357 2327 1832 125 TOTAL(AVG) = 54680 !!! -731
"-funswitch-loops"
3466 2502 14606 14721 2134 3303 980 9317 2335 1837 130 TOTAL(AVG) = 55331 !!! -80
"-fvariable-expansion-in-unroller"
3365 2329 14576 14596 2207 3264 984 9355 2347 1828 131 TOTAL(AVG) = 54982 !!! -429
"-fvect-cost-model"
3390 2328 14671 14520 2164 3269 986 9261 2303 1854 130 TOTAL(AVG) = 54876 !!! -535
"-fvpt"
3363 2346 14590 14540 2128 3282 984 9344 2343 1849 129 TOTAL(AVG) = 54898 !!! -513
"-fweb"
3427 2373 14621 14518 2186 3267 1009 9315 2330 1837 138 TOTAL(AVG) = 55021 !!! -390
